1643237935184232448
1643222167247790081
1643199246567628801
1643197652987949056
1643164763776749568
1643164753249067008
1642859897690914817
1642859888316669954
1642859885565214722
1642859882981515265
1642859880355860481
1642859878195818496
1642535100587077633
1642528113065328642
1642528110582312960
1642461198783508481
1642461196623417350
1642461193733550081
1642121284481073156
1642121281033338882
1642121277967339520
1642092642350813190
1642031444360073216
1642031441851858945
1643287435676372992
1643555997175402496
1643556000069480451
1643556002875478017
1643629585127333888
1643645858569932800
1643847268636979200
1643918430066851843
1643918432155619328
1643918434374402048
1643992249641074688
1644301092476571648
1644553514444820482
1644553517045268482
1644553519230484482
1644661606805291009
1644661609569325057
1644661611872026624
1644626600175218690
1644947029385433090
1645021710406815745
1644709984012468228
1645397635849928704
1645397638915686404
1645397641982001152
1645690278421086208
1645773836753997825
1645773839232798723
1645773842265313283
1645773845637500928
1645773848057643011
1645773850888798209
1645773854143561734
1645774889742381059
1645776556495863811
1646093670763102208
1646823839941398528
1646911604720816128
1647095831944921089
1647095834763472896
1647175361652727811
1647175365625012224
1647175368535863297
1647261574107910144
1647264529666162690
1647547524478275585
1648263251325747200
1648263253586485249
1648263255377448961
1648356520055427072
1648363434352975872
1648896766157426688
1648976991025246210
1649416721386680320
1649621644359651328
1649709781178023936
1650148301851996160
1650153320051519488
1650500974027350020
1651157799702003712
1651403038014439425
1651463485916864512
1651556869490774022
1651587391382261761
1651608029727694850
1651608029727694850
1651811359863234561
1651907702346625024
1651938139139866625
1652326460450013184
1652467391614570496
1652606129917288448
1652606135999008768
1652674472804249602
1652693861821747202
1653006719008768001
1653022133449265153
1653403031957037056
1653754583364284417
1654057068796706816
1654057070520573952
1654057072521285634
1654125022523555845
1654421967720833029
1654421969453068289
1654492327254040579
1654819096423444484
1654819098398953473
1655044006336950277
1655050670578495489
1655074353174937600
1655077906408931331
1655079390123003905
1655115254567772161
1655146596512956418
1655171061724643329
1655177829963960320
1655199415756546049
1655200101365854208
1655200721783128064
1655201879578787844
1655202383100784645
1655202412683198465
1655204172273426434
1655205042444701697
1655207048894873600
1655207175013408768
1655207471747846144
1655208115405733888
1655213194917613581
1655213251096121344
1655213718467411968
1655234023952904193
1655561729986920448
1655563200857878528
1655573556187525120
1655573558859374592
1655573561174642688
1655573563363975169
1656280198919356418
1656298320304943104
1656595878956900352
1656595880789839873
1656595883155415044
1656660811916640258
1656668305040740354
1656668307360210944
1656668311558709248
1656668782583238663
1657015550755627009
1657243402776514560
1657243404622008322
1657321794167255040
1657321796046315523
1657321797996670976
1657405804021170176
1657587994872905728
1657640435987382275
1657640439070203904
1657640441242861568
1657748743670870016
1657749037100171265
1657751031567245312
1658087687923052544
